lastAccountName: KarlitosD
timestamps:
  login: 1586625252348
  lastteleport: 1586625277938
  logout: 1586623504341
ipAddress: 181.44.15.55
lastlocation:
  world: world
  x: 142.5
  y: 65.0
  z: 141.5
  yaw: -85.99867
  pitch: 50.855392
logoutlocation:
  world: world
  x: 139.5
  y: 65.0
  z: 140.5
  yaw: -64.290726
  pitch: 12.757246
