lastAccountName: KarlitosD
timestamps:
  login: 1586582951493
  logout: 1586582509777
  lastteleport: 1586584645333
ipAddress: 181.44.15.55
lastlocation:
  world: world
  x: -2.373078001814299
  y: 68.0
  z: 4.132587613100379
  yaw: 257.91827
  pitch: 43.059185
afk: false
logoutlocation:
  world: world
  x: -9.978037608052377
  y: 77.0
  z: 17.520760620933153
  yaw: -176.08441
  pitch: 32.38447
