lastAccountName: KarlitosD
timestamps:
  login: 1586550111442
  logout: 1586550142984
ipAddress: 25.78.32.15
lastlocation:
  world: world
  x: 109.05838521771457
  y: 76.0
  z: -29.669501779607348
  yaw: 236.57657
  pitch: 22.189339
afk: false
logoutlocation:
  world: world
  x: 126.70464060930541
  y: 75.0
  z: -19.476054421697917
  yaw: -160.77292
  pitch: 15.832382
