lastAccountName: TrolerogameG
timestamps:
  login: 1586584123800
ipAddress: 181.44.15.55
lastlocation:
  world: world
  x: -1.178856400514419
  y: 69.0
  z: 1.5794001092765806
  yaw: 37.068756
  pitch: 17.260761
