lastAccountName: SurvivaBrother
timestamps:
  login: 1586550125029
  logout: 1586550146230
ipAddress: 25.78.32.15
logoutlocation:
  world: world
  x: 127.00184896849643
  y: 74.5625
  z: -22.416149071226798
  yaw: -263.42474
  pitch: 9.3555
afk: false
