lastAccountName: KarlitosD
timestamps:
  login: 1586535841727
  logout: 1586536375582
ipAddress: 25.78.32.15
lastlocation:
  world: world
  x: 109.27119578060922
  y: 76.0
  z: -28.786657425042247
  yaw: -171.23486
  pitch: 24.228289
logoutlocation:
  world: world
  x: 110.23296166710915
  y: 78.0
  z: -37.12874500477896
  yaw: 44.536865
  pitch: 21.633102
