lastAccountName: cHoQuesit0
timestamps:
  login: 1586585261922
  logout: 1586585250324
ipAddress: 190.172.185.155
lastlocation:
  world: world
  x: -8.008220766632864
  y: 67.0
  z: -1.6721004296169255
  yaw: 217.79335
  pitch: 19.261093
logoutlocation:
  world: world
  x: 5.66362396869205
  y: 67.0
  z: 16.807654682970085
  yaw: 4.9295654
  pitch: 22.344164
